3885832
6076880
14756920
18792808
19814896
22040096
25265368
19537872
21679136
24876416
25145104
26751496
25026488
31532256
26207944
30977168
24721408
33302792
22373472
33462176
28193712
34225944
31657488
38701792
35586736
35351328
35940496
31808640
30286632
38327216
33293528
41487904
37486560
32736840
43046072
39669568
31402784
41341776
34784208
43897856
38787808
36753464
45027816
45290320
41472424
37592448
46241496
37474128
37511968
49655448
41069936
47667880
40698520
48859096
37046552
45763912
37020288
47713480
56211928
44929976
53819768
42925176
51863392
42409728
52895080
62363480
53650720
41017728
52044968
44683432
51778288
63172288
52560784
61983528
51572368
59519616
48091176
61621456
50363560
57330128
66361392
54648888
67430992
58506880
67822352
60176472
66858688
56215520
62755136
54196704
65821560
55530168
67437632
58108608
66394888
75260928
58896192
63316344
77740152
57830400
65425048
76473376
85991528
66958720
75391624
84547464
62443224
71311864
81874784
89682352
70333384
75945832
90895864
67823776
78011704
85632880
62793824
71048776
79358488
89692808
70286736
77312104
86285168
95186912
73894552
79179056
95008640
66468152
76393864
86065136
96477880
72292816
80344104
93378440
68306304
77459272
89770344
100182528
74313536
81083960
91177264
99147848
75257608
85478312
96699720
75717592
83574096
91799928
72249368
79385928
88477848
98390864
73328024
81797600
93756320
71933672
85327416
91243672
99327776
73908408
83519784
98292080
77776992
85510376
94949432
101758520
78744920
86999344
98622656
108563760
81448760
82980880
103771144
95080152
110514272
79432856
82091544
84878696
87630624
90775360
103442688
90633208
110618624
88045080
94198360
99937408
104422096
111040128
85325664
96009048
103364008
111037376
89274816
97680520
109583416
91936320
104569424
113397504
88352960
102118008
112261904
85617272
95139672
105506536
114994240
90571336
97418968
108606880
115987568
95393832
101122944
112861464
89514760
99744400
108759176
120118112
96550464
103898128
114672400
91012896
97940336
111274088
120910384
95274384
104801096
115753016
122393392
123403904
92432968
113786176
98634672
112290224
118338760
101728992
113918912
122552336
101275840
108582112
115181784
120864752
99187120
127165488
126323496
126689016
125902128
108796960
126057472
124343896
126432376
127604448
127216664
126448064
124719208
126310752
125814184
127725800
124884160
126472024
127729656
124096752
124026776
127413352
126128472
126560424
125898512
125418512
127729640
127729552
127268664
126476624
123412496
127247080
123898680
127532888
126996080
126525208
125633888
127729472
123843432
125799616
127729328
126132088
123810976
127729536
127729664
125914912
124093928
126039232
125012400
127341760
127506672
125975904
127729488
126139800
124779160
123578552
127729600
127720696
125705392
126365360
126492352
127170680
124007664
124432984
124813776
127068272
127088840
126886424
125171664
127165968
126636696
127393312
125466008
126763416
126192392
127686720
124876856
127084784
127380600
125906728
125703664
127729512
126515392
126746208
126110096
127725480
125123048
125391376
126135936
127729624
125992896
124616680
127729608
126325616
126889944
125840448
127381088
127279592
125303168
127725744
127554928
127729600
127044032
124913560
123991632
126596312
124887520
124818072
127570696
125955448
126164384
124991640
125123808
125696328
127142224
125846432
126804160
126132824
127729656
124786200
127729664
127445016
127729616
127729592
127729640
127729648
127729232
127729616
127710104
127729648
127729664
127728304
127729664
127729440
127729656
127729480
127729632
127729464
127729648
127729640
127728704
127728736
127729616
127729640
127695976
127729656
127710536
127729624
127728352
127729616
127729568
127729632
127729656
127729648
127729568
127718064
127729648
127729640
127729656
127727184
127729648
127729584
127729664
127729432
127729576
127729640
127729624
127729648
127729648
127729440
127729240
127722312
127729640
127729648
127729608
127729664
127729640
127729656
127729656
127729624
127729632
127729648
127729648
127729552
127729632
127729664
127729632
127721752
127729664
127721720
127729632
127729512
127729608
127729656
127724896
127729640
127729552
127729656
127729648
127729624
127729632
127729640
