3891896
3937808
6109384
15499264
14448424
18525704
21291584
14506208
18676568
21362216
16249384
17690144
26985648
23171512
20339504
24310512
19537384
24000768
24081128
27906608
24244552
30930336
25660400
34433184
29859984
37263288
33666528
32649368
37418360
34646472
31300664
41543688
35200112
41769712
36479848
33474952
40108208
39163592
38218656
46622440
39797984
47080896
39913080
50891712
49224856
45849808
39634712
50099184
43450768
55957112
44056688
53263072
43000640
50347200
58728488
44203976
54753384
48727568
56418680
44735760
50364840
57315024
48843576
62125136
47066920
56091104
63197528
50229304
56604408
43701024
57167016
45071776
55113856
61709584
49412440
58011424
67808240
54588312
64974728
54691136
60480752
47856424
57634416
68865496
53129312
59372144
69908832
58932952
70420600
60383624
67160528
52993328
62052960
70802424
60273264
70531928
60394184
70357400
62266832
70425848
60331864
68104744
76080320
67098880
75200144
63555104
74968184
57722688
64549680
74501880
86246552
66522120
79624312
87637688
63916512
68222128
76097552
86832920
64083392
77232248
85189040
92888976
67332696
77690416
91671976
67093104
78136232
84906928
95114936
70043144
78325800
86769136
97862288
73935744
79292576
88137480
99453992
75088536
84941744
97903048
71962736
80318120
88230976
98745368
75900544
84091632
95226976
104792808
83315784
91974912
102613712
76710072
87531240
94574576
104305840
84252248
91576456
99674208
77019024
85501720
100056288
108260160
87774064
95426080
107055424
82477456
88431672
95546712
105195776
85543280
91713544
96870632
103961984
105831432
88151744
107920832
96395000
98975792
101468744
104158760
108366008
110873304
84652264
99028456
90116208
105449448
114216992
118720472
87707136
93643688
100103576
111515512
119934528
94102064
98445272
106743176
115847480
92744384
105920768
118847344
98051752
109858384
119975304
90495816
98929992
104988200
116714240
91225888
99349152
106552472
114236632
89561632
96775320
110400792
123093848
94730144
104600328
115938088
122453416
97249384
112438736
122398448
102684848
112183208
121181728
101368984
107693160
114954632
126093912
112685368
126803024
127647984
124016704
127729560
124333840
127729640
126937104
124184184
127729544
125960808
126270112
124519512
124965144
127658296
97807544
124629544
126331376
126640768
125212640
127729520
126375280
125115480
124529880
127729648
127729496
125926984
125521792
126352808
127729648
127524576
126986432
125311136
124269376
126880984
126773216
126653216
127729664
127729656
127045024
127204040
127465648
125382496
127729624
125290408
125822224
124599912
126175200
127727864
125989576
126877784
127055952
126047056
127729632
126201248
127561264
127309328
124566576
126193384
124685520
125792600
124802984
124288936
127022408
127729624
126721432
127729528
126695464
125362600
127357912
127729656
127729624
123472096
126276344
127626480
126352128
127729664
127729632
127677016
127729248
127216616
127520432
127729424
127729656
127729656
127160672
127398912
127728816
127729664
127729608
127718440
127729128
127729656
127729568
127729648
127729280
127729616
127729592
127729616
127729616
127729512
127729528
127729608
127729472
127729528
127729528
127729632
127729648
127729512
127729656
127729640
127729480
127729640
127729632
127729632
127729368
127729648
127729648
127729664
127729632
127729632
127729488
127729648
127729448
127729656
127729520
127729640
127729536
127729656
127729664
127729664
127729392
127729544
127729632
127729544
127729456
127729496
127729664
127729632
127729648
127729632
127729512
127729640
127729624
127729640
127729600
127729600
127729592
127729568
127729648
127729664
127729488
127729656
127729664
127729656
127729624
127729648
127729648
127729656
127729640
127729616
127729664
127729592
127729592
127729640
127729664
127729648
127729552
127729656
127729600
127729648
127729656
127729608
127729520
127729544
127729592
127729496
127729600
127729560
127729656
127729600
127729512
127729552
127729608
127729648
