4493872
12030904
15169136
13981328
16457032
18812304
15677112
18049216
20493720
18236296
19758864
24637864
19853968
27699656
24870808
28770104
23259384
25140344
28923488
29847080
27894392
27942808
35333480
31642216
38686560
41027624
42438072
35653592
44055696
36569856
32021360
40355464
31110272
43826056
35626280
30773960
40418808
32686368
42028216
33826952
41206016
49975312
44251936
38581408
36555440
49240280
43299736
51665872
44623080
39376096
45517264
41654896
50292816
44653552
53240336
49752208
42136008
50081544
43505992
52963096
46551832
43551496
53048920
45924984
55508064
47794616
53609560
44609384
52050336
61189960
48810888
58755928
43121248
56285184
63185144
46457888
53783720
67442744
51787016
61003520
68835960
59021416
72176104
55843288
63861424
74047768
57582232
67439040
52818592
58952120
72117784
60904000
69473352
76765824
60236088
68966016
57064096
66129120
78599680
63837504
72878952
79554168
68871784
79388064
62193296
71370872
80438600
66485304
73203320
81699560
68558400
75817128
63561512
73167872
79121416
63134392
70827248
83090968
71228312
79628616
68617384
79333360
88808904
69007312
79119136
93505216
71542920
81324048
90466520
101187144
78959704
88768024
96384200
74153880
81256264
92593672
100786000
79320544
87222064
99027488
75738680
84498840
92071672
102450832
79064888
86851384
96968752
75148744
86607952
95634304
104532256
76209848
84844184
95891288
105759392
83954200
95498720
104304840
77390752
87572048
97550240
106986704
82575248
90140504
99883504
113394168
87196680
99352456
107271192
114430392
94434736
99174504
100916984
82409944
104456968
91338304
94846840
97318104
100548928
103196520
105720712
111654856
90170104
112307424
96161840
104031304
109602160
113040320
117080320
88520416
102925552
114378440
88481872
94434104
103244544
112224040
119646672
100168752
111311424
122338472
102518544
109564120
120204568
121934960
94839752
106049704
86422376
96783384
104847488
110787248
118741616
97320432
105756832
112655896
89777704
99599520
108982600
120572232
95770984
105394864
113988544
121890064
101729120
112752792
118744680
124687536
104448968
114365280
123414384
98988816
117323424
126906072
124211440
126133488
127727928
123341056
126492592
126655896
127728824
126530584
127330384
127729640
124537632
127295512
127721416
127727640
126613192
123561968
127729648
126073224
127729256
126883040
125885712
124602160
127729600
127324560
127129600
127729224
126535024
127729648
124658536
127729584
126210840
126770568
126669016
126557600
125949064
124525008
126773336
126949808
126097608
123928696
125867784
126466488
127729632
127305520
126745224
126999440
126860008
127196880
127729664
126925048
124171992
127729648
126441904
126146968
125430256
117247680
127729656
125653136
125600328
127729664
127150952
127729640
127729592
124372440
124897000
126012400
125313800
127729584
126895240
127728528
127041504
127729576
126359776
127729664
126133224
124161512
127474600
127342472
126062184
124880200
127717032
127195456
127659608
127729640
127107608
126335200
127729576
125757744
126045056
127729656
127728576
127082504
126217440
126071248
127068624
127729624
127729648
127166608
127729640
127729560
124200536
127729640
127728368
127729632
127304376
127729600
127728248
127729656
127729320
127727792
127729568
127729600
127729664
127705512
127708080
127729656
127718144
127717232
127729624
127729616
127725960
127729560
127729648
127727608
127729536
127728584
127729608
127729632
127729632
127729600
127729624
127729592
127729656
127729664
127729504
127729648
127729656
127729568
127729488
127729536
127729640
127729520
127729616
127728576
127729648
127729608
127729656
127729648
127729616
127729496
127729624
127729616
127729656
127729608
127729656
127729624
127729656
127729584
127729568
127728784
127729648
127729640
127729640
127729648
127729656
127729656
127729600
127729640
127729568
127729648
127729656
127729648
127729584
127729640
127729656
127729656
127729656
127729656
127729640
127729632
127729648
127729632
127729656
127729568
127729552
127729624
127729592
127729544
127729496
127729552
127729624
127729600
127729664
127729664
127729592
127729152
127729648
127729624
127729608
127729640
127729512
127729648
127729624
127729640
127729624
127729592
127729528
127729624
127729192
127729664
127729632
127729664
127729640
127729624
127729584
127729648
127729624
127729616
127729648
127729624
127729664
127729648
127729656
127729528
127728816
127729528
127729624
127729648
127729648
127729656
127729624
127729448
127729616
127729616
127729664
127729608
127729464
127729616
127729624
127729640
127729632
127729640
127729400
127729640
127729584
127729648
127729648
127729520
127729560
127729616
127729624
127729648
127729440
127727072
127729640
127729632
127729624
127729608
127729632
127729608
127729592
127729648
127728816
127729656
127729656
127729664
127729648
127729624
127729624
127729488
127729632
127729624
127729608
127729616
127729632
127729632
127729656
127729632
127729576
