4758608
10018240
14475208
14181984
16838680
13063576
17321248
14904992
17521576
17831504
18709272
23004248
22988192
28292048
25516984
29651184
24963312
25388328
26618968
31027800
36724040
29991016
39995704
29797504
38135128
38149352
37260944
36437632
32695472
42603392
36333856
46553856
42298152
49906920
41751728
50550224
44390656
51820072
45059128
54788192
48968656
48132992
58144040
50394536
59691768
51056160
61383744
70858520
55012792
63622968
71369696
52896104
65443224
75585496
57512440
66088592
50095320
58258248
65363192
74642448
56899288
68173824
55188928
63246840
70941112
78586312
60513904
67895744
75317944
59468792
68343136
79514744
61003224
73252792
81371528
61749072
72973520
57423336
69554640
79041264
60470632
69310408
75978664
59291040
73330864
80404936
58539936
67311224
78613432
64417592
75394016
81733304
65617640
72914480
81785976
64040592
73465360
86608952
68869040
78807864
87530032
69561664
79051216
84699176
70230016
80823656
90655672
77674368
88208296
72360664
78760504
85577848
95377144
78995424
90675112
75811016
86908072
94662320
69619672
77486056
86987680
98572520
77798480
86986568
97249328
72131296
79228296
85827120
96069792
74354160
86877008
94691584
104835240
80793648
87415480
96204856
104713824
84454472
96686424
81020992
88492856
95642008
104177856
110827632
87867168
97447656
108675584
84663456
95117384
105090576
109778168
84123440
92342472
101267224
110890272
92503608
99926800
111816408
88079440
96856784
104388248
113682024
94333512
102600536
113006528
122740768
96043064
106911744
120089752
97120744
110021752
111827008
123341864
99866736
92271264
99710912
102297016
104962816
107844104
110459968
114669464
93840312
113681192
97860760
104941328
111473184
116512344
121996048
93268992
103962952
111822992
119208296
96149912
101739568
111706704
92819960
106951248
115591616
123916288
98508360
108012184
119551208
102482776
110233664
120368264
124806168
101075344
117504800
126957464
126191784
110611168
125581088
125059088
126468800
127654616
124731168
126699320
127585240
127729656
124158904
127323440
127078416
127313464
124922888
126690952
125106336
124891240
126285080
127065112
126721040
124986352
127729568
126038728
126369824
124402016
123619872
127729600
125797584
123872312
125118184
127729664
126263552
127251120
125829776
127724016
127729064
124795240
124476016
127729640
127729624
126445480
127729656
127379112
127729584
127729640
127720288
123792592
126214072
125458840
125658960
127729616
124856752
125811776
126581648
125769264
124618216
127728952
124531296
126700232
124896128
125687248
124305912
125578408
127121528
127729664
125201088
125970552
125215328
127729216
127729528
127686432
127096744
125328368
127547520
127729632
125261768
126912728
125187960
125446904
124538752
127727576
127489680
126856608
127392752
127354864
127729520
127729664
127660944
127145560
127729592
127729664
127729352
127729640
127729648
127729656
127488840
127729632
127729624
127729648
127420224
127729648
127729656
127729600
127729616
127729504
127729656
127729552
127729648
127729640
127729496
127729648
127729536
127726944
127729640
127729632
127729640
127729632
127729640
127729592
127729664
127729640
127729640
127729656
127729504
127729632
127729592
127729584
127729480
127729592
127729656
127729664
127729648
127729656
127729496
127729456
127729624
127729664
127729640
127729616
127729624
127729640
127729648
127729624
127729536
127729328
127729664
127729544
127729656
127729632
127729648
127729640
127729656
127729664
127729616
127729640
127729640
127729648
127729640
127729640
127729664
127729664
127729608
127729648
127729624
127729592
127729640
127729640
127729640
127729632
127729648
127729656
127729624
127729416
127729640
127729656
127729664
127729656
127729640
127729640
127729648
127729664
127729648
127729056
127729656
127729640
127729640
127729656
127729632
127729648
127729624
127729656
127729656
127729632
127729624
127729584
127729648
127729416
127729648
127729640
127729648
127729536
127729664
127729648
127729656
127729656
127729640
127729488
127729608
127729656
127729616
127729640
127729664
127729640
127729632
127729616
