3935776
6260552
14531904
17547216
21353696
17495504
20074992
16105928
18366632
20901248
20952264
31598760
27885176
37792976
28892768
33155152
35943472
30490616
29652560
29614960
40792512
35808544
32499152
35362544
30385040
42781504
35004144
33178456
45541592
36259224
31708136
37653912
44731072
36581968
46409112
40320944
34366360
40605408
47575104
40269968
35541104
47194736
37267896
47068376
39132912
47878032
42463712
42694888
50649464
48365240
55473568
45973472
54718384
45395032
41591800
48919760
43848760
49788704
58554808
50615136
45302760
54735168
46786080
53519808
59655640
56121904
43539904
55290016
65752880
51269944
60327920
66779848
48570000
59928440
70175064
54078552
64484904
48650848
57236288
65093088
48213520
59047656
69924736
55945120
63393088
71842328
55543872
65940736
74256048
61882768
67751280
55277760
64491088
71591680
58526752
69289744
56250456
66230760
72542968
57048544
65448912
75743704
58030352
71979072
79146088
65237544
72970088
82991144
64190744
76593152
84558824
70972896
78403320
86130088
66587760
78810488
67732760
74713576
88551256
72667320
78374856
89400736
75036112
81572160
91325144
76478560
87690472
71954512
76840768
88475472
71058232
82109576
89825328
71965944
83157928
91808784
76486032
84446232
96168464
72644824
80971976
92692632
73842776
87460752
97605456
105727632
80058272
88001872
102608824
78425792
89238232
100174120
78355088
86225608
95198208
102960976
81140376
92465600
102288408
109803456
84342328
93723016
103172760
114705008
90680472
97829008
107226168
114740328
95815840
109165840
112108432
120371768
102856584
95998328
103898808
106541968
109267328
112041928
114627232
118920048
97125128
96853544
114245712
119959696
90356264
94557520
99826560
110095648
118400688
84770848
93381960
102880592
108330976
89127624
98722296
114998808
95766472
109703520
119551136
92268184
102506432
112583840
120322192
127729496
103906040
112764280
119801816
127726872
109119960
115754520
120690648
112638464
123607240
127721616
127729504
127729160
125182128
126326920
123266672
126759672
127729656
105662480
126675088
124314040
125078032
126925104
125332912
127729600
125790800
124742928
126056792
127729560
124821632
124687912
125655616
126360096
124010544
126540016
127389016
126958608
124960144
124440560
127104080
126915048
127356296
127729264
127729648
127637680
125499936
126025176
127729664
126695200
127729656
127729504
127595648
127729048
127469240
127729664
127729656
127279680
127720328
127034000
127729008
127729648
126616352
126038800
127057264
123939072
127729648
127728608
127729664
125459224
127729640
127189072
125141488
125993632
126709880
127729648
127714976
126700328
123925904
124744008
126586392
127729608
125882496
127729656
125287112
127729472
127188384
124483016
127383392
124835672
126357608
126117512
127729648
126269336
127729600
126497296
121574752
127729616
127729440
127729648
126719904
127727464
125618688
126310304
127305152
127729640
125685744
127081256
127722504
127729656
127729600
127727416
127729632
127729656
127729632
127728088
127729648
127729592
127729632
127729376
127729640
127729632
127729624
127729648
127729640
127725984
127727480
127729592
127729640
127729632
127729656
127729648
127729592
127729640
127729576
127729640
127729632
127729624
127729656
127729656
127729608
127729640
127729656
127729648
127728632
127729664
127729664
127729664
127729648
127729648
127729384
127729640
127729664
127729576
127729664
127729592
127729656
127729656
127729600
127729616
127729616
127729632
127729656
127729656
127729640
127729608
127729648
127729632
127729664
127729616
127729584
127729664
127729648
127729648
127729648
127729640
