3796376
8817792
13181512
16447304
18982352
14739688
17483960
19936448
16004152
15086448
20522992
25828272
28953072
26342440
20952304
25672416
24295112
23480928
25400016
24968320
32774464
33016416
28824280
36577728
36993056
33282088
41279608
36338592
32466200
42579784
40140904
36840584
31337640
36663016
45509768
35991120
45281232
37035144
45526664
38922440
46925600
39934496
38771624
48669392
42229680
49623232
44491296
39439440
47977912
43993944
40871352
53392592
45937920
41905304
51887528
44722856
51233384
43294008
40905416
49781456
44650912
55000712
45226528
51519880
60989448
48056104
60196968
47038976
54655824
62323160
44446472
53454472
61350640
56083128
66392416
47226680
54664496
65643368
49328256
58712984
67008120
55186440
68914688
52205288
60461448
69693248
54090976
62998928
52745744
64345088
70193320
54714976
61876504
72549424
55852456
68288432
53868568
64449624
74980856
58596184
67016360
76908288
61914048
72930320
58769688
69334840
79074192
61605376
70492208
78933224
65416152
72928608
57666536
68651056
77648104
63344632
73673448
83097088
72738256
79705128
63217736
71683128
83232104
69491848
77084528
88827936
75299096
84839976
68755232
77775728
89483992
70276312
77201352
90638688
97971376
77888904
84172896
90967520
98668976
75674896
84728760
97291896
73111304
79845432
91145776
99186976
77824344
86185776
100514704
77079856
81528768
89338552
99209584
76527168
90284520
98912792
76356864
84426312
93861664
103304408
84585064
92856224
100363384
110092096
87924656
97276840
110815168
86919872
93272784
100678400
108495088
110478832
87949840
109311920
99777848
102524208
105407720
108307568
110794688
113506568
81896400
98078632
95620176
109006304
114876216
83616960
86460656
91254144
97774336
111381048
86759792
93659344
103482512
111838160
88448592
97556336
111530944
92631360
100884312
109375848
118703600
94641656
107689936
117627384
94693728
102868472
111181048
118237128
96138800
101425912
109031552
117606072
85732704
98653720
109622248
87430712
98644248
106666640
116796272
88873616
100593832
112000784
120172736
94244424
107109232
115379016
123438216
101447040
109659936
119417400
98515712
112338536
120940248
127542856
108088800
119554232
127729664
126423160
123357992
124242336
125669400
126422176
127729328
126532304
124632264
125738080
125515512
127729288
126308000
126982568
125382808
124186824
123571264
125773272
127035720
126537744
127729656
126031240
127021696
127073000
127729656
124737120
124474504
126682152
127551688
126989752
124890736
126372320
125143432
125819648
127729664
126102288
126890552
127728728
127180840
126630432
126979144
127162648
125835696
127729656
124941712
126150680
127714944
126117592
125572680
125532832
126911808
127729624
125531936
126119800
127729032
127729656
125471272
127729664
127567896
124334176
124281960
126813360
127280328
125642120
124068768
123351672
127729656
125231000
127729544
127011816
127728888
124671448
126244264
124452160
126261600
127729656
127729664
125469896
127617768
125842104
127729616
125934888
126304920
124609232
126494096
127729544
127729664
125079240
124040784
125790536
125829992
126393520
125351744
127322384
127711032
127729640
127729656
124947736
124845352
127469328
126564968
126380928
125138096
127729632
127729640
127729624
125909920
125158880
127729648
127729632
127090384
127729648
127729624
127632120
126159464
127729592
127729544
127651288
127611464
127727632
127729616
127722120
127729432
127729600
127729576
127729632
127729624
127729632
127726968
127729632
127729624
127729520
127721496
127729560
127727552
127728288
127729192
127729648
127729648
127729648
127729616
127729232
127729656
127729656
127729632
127729584
127729520
