3887784
6091640
13213144
18489408
17787904
20673848
23061152
17292784
20194472
22623480
18346136
22970264
27316864
27190160
25093160
22344912
25598608
22477848
26131504
29208024
25682056
32590800
34498688
28237480
37068032
32190272
40441544
38054832
30010472
33819280
32237024
40459728
34355000
45430672
35584912
43145608
37593168
31320792
42798160
36997136
45653384
44471440
39595936
36760680
45305096
39190640
46681744
42619736
40294144
42514792
38464056
48292936
43467384
53597320
47295040
40042128
44755680
57092192
42419680
53419088
41923448
49225480
59326312
45069104
51481032
65155488
51708712
66136592
50678592
61204456
47050368
53932720
63612008
48504320
56279240
68932464
54960208
66127744
50491448
59187840
67445896
50005272
59256376
66073808
52396144
63279152
50187880
57204488
68395000
52763664
63531800
70955968
59506344
70960400
54581480
66642968
73615280
58367280
66579728
75550992
62743112
73307296
60307440
69114184
75034088
60207352
65960904
78654464
70220264
56137296
67224656
76710680
59832952
70752512
79640712
64915424
73294040
64707664
73400408
80898992
67452016
73860504
64874960
77395000
63157320
72739424
83265032
62576760
74726080
87743448
94912656
73076584
85128616
92681448
71906328
81248872
92199400
101185704
77001336
86397552
98096632
72599208
81541016
91761064
102721488
78642952
88845048
94886384
106739952
82713816
90960912
100505304
75156248
82615736
90402432
100555976
79346568
88970032
98469912
106754080
82600632
91129920
99915272
111294600
89971264
98898832
107915360
83584616
95324888
103438920
111456152
89980824
91847672
100914912
86376848
108468208
120174752
87722184
90403808
93189720
96105168
99785144
112603760
95163528
112770272
94244216
99173792
103498384
107463936
115204272
88930104
98333736
110737192
125825576
98689512
108286184
115172848
121451040
89229256
100355080
116559248
98075888
105539080
114682352
122540320
96401976
108865328
117229872
127717456
109290080
117073640
123589728
105213368
112360128
119520288
126722168
108254336
126641736
122408344
127727928
123692104
127384168
124170712
125731672
126240024
125806200
127729592
124994064
126499040
101303736
126732336
123818904
127084560
127599520
127127872
123859888
125703128
98554352
127687712
127729664
124875952
127390744
126943392
126878736
127272912
125376936
127729648
127729624
126911200
127728648
127729656
124971384
126838728
125016064
125662144
126146160
126952432
127729584
127388152
127580392
127663920
127322472
127729632
124749752
126856064
125399304
110000600
126821432
126731576
127729648
109946984
125369792
125006672
126650776
124753864
123103232
125731560
126120360
124840232
126659928
126362184
126177408
127611736
127729048
127727960
127729568
126353392
127701496
126915048
126704792
127729608
126350280
127729296
125515904
126181392
124082392
126381984
124560448
126999288
127592560
124174616
124944384
127059792
127337328
127729568
127155312
125712448
123719144
126557584
127489064
127729600
127729480
127729608
127729608
127728568
127729656
127723328
127729648
127724648
127729504
127729568
127729384
127728704
127727248
127729608
127729432
127729664
127728800
127729096
127729656
127729648
127729640
127725048
127729664
127728288
127729528
127726632
127729544
127727952
127729648
127729488
127729640
127729624
127729656
127729656
127729648
127729600
127729632
127729576
127729600
127729648
127729656
127729640
127729336
127729648
127729624
127729552
127729640
127729632
127729656
127729648
127729648
127729624
127729536
127729576
127729664
127729576
127729648
127729608
127729648
127729608
127729480
127729640
127729664
127729648
127729576
127729640
127729632
127729664
127729376
127729208
127729648
127729536
127729600
127729656
127729584
127729624
127729336
127729472
127729640
127729456
127729632
127729584
127729648
127729648
127729664
127729664
127729640
127729568
127729648
127729624
127729640
127729592
127729624
127729400
127729640
127729624
127729656
127729640
127727552
127729512
127729600
127729616
127729272
127729648
127729648
127729632
127729656
127729496
127729640
127729664
127729464
127729624
127729648
127729576
127729632
127729480
127729664
127729560
127729520
127729592
127729648
127729648
127729600
127729544
127729528
127729624
127729640
127729600
127729600
127729656
127729640
127729600
127729576
127729656
127729576
127729240
127729664
127729656
127728992
127726560
127727680
127725880
127729640
127729648
127728288
127723704
127729640
127729640
127729656
127729648
127729616
127729632
127728560
127729064
127729656
127729656
127728856
127729648
127729648
127719312
127729464
127729656
127658440
127729608
127729656
127728360
127729632
127729648
127728968
127729568
127729576
127729648
127717120
127729496
127729648
127729520
127729648
127729576
127729656
127729664
127706712
127729512
127729656
127729664
127729064
127729632
127729656
127728320
127718848
127729648
127729648
127729624
127729656
127727072
127729632
127729664
127718856
127729648
127728496
127729656
127729648
127729632
127729616
127729632
127725336
127728840
127729664
127729648
127729632
127729664
127729648
127729648
127729560
127729624
127729648
127728784
127729648
127729648
127729664
127729648
127729624
127729648
127729576
127729648
127729312
127729656
127729632
127729552
127729648
127729608
127729296
127716056
127729560
127729664
127729664
127718864
127729640
127729608
127729664
127727712
127729568
127729648
127716480
127729608
127729624
127658576
127729608
127729648
127714376
127729632
127729552
127729632
127729656
127729640
127729592
127729608
127729664
127727712
127729568
127729648
127729512
127729648
127729664
127729640
127729648
127729648
127729648
127729592
127728240
127725440
127729648
127729648
127729640
127729608
127728368
127729608
127729656
127728312
127729456
127729664
127729656
127729008
127729664
127728240
127718128
127729640
127729648
127729608
127729648
127729664
127729544
127729616
127729648
127728976
127729560
127729664
127728976
127729576
127729656
127729616
127729384
127729664
127729656
127729656
127729664
127729632
127729664
127729656
127729648
127729656
127729592
127729648
127724064
127729568
127729648
127728736
127729664
127729648
127729608
127675944
127729640
127729648
127729584
127725056
127729656
127729648
127729624
127729664
127729656
127729632
127729616
127729608
